00010010
11000000
00011001
11000000
00011000
11000000
00010111
11000000
00010110
11000000
00010101
11000000
00010100
11000000
00010011
11000000
00010010
11000000
00010001
11000000
00010000
11000000
00001111
11000000
00001110
11000000
00001101
11000000
00001100
11000000
00001011
11000000
00001010
11000000
00001001
11000000
00001000
11000000
00010001
00100100
00011111
10111110
11001111
11100101
11010100
11100000
11011110
10111111
11001101
10111111
00001010
11010000
00001100
11000000
11100100
11001111
10011100
00000001
00100010
10011111
11000000
00000001
00100011
10011111
10010000
00001101
10010000
00001101
00010001
00100100
00001000
10010101
10000000
11100000
10010000
11100000
00001000
10010101
11111000
10010100
11111111
11001111
